0.0 0.0 1.0 1.0f
0.0 0.0 1.0 1.0f
0.0 0.0 1.0 1.0f

0.0 0.0 1.0 1.0f
0.0 0.0 1.0 1.0f
0.0 0.0 1.0 1.0f

1.0 0.0 0.0 1.0f
1.0 0.0 0.0 1.0f
1.0 0.0 0.0 1.0f

1.0 0.0 0.0 1.0f
1.0 0.0 0.0 1.0f
1.0 0.0 0.0 1.0f

0.0 1.0 0.0 1.0f
0.0 1.0 0.0 1.0f
0.0 1.0 0.0 1.0f

0.0 1.0 0.0 1.0f
0.0 1.0 0.0 1.0f
0.0 1.0 0.0 1.0f

0.0 1.0 1.0 1.0f
0.0 1.0 1.0 1.0f
0.0 1.0 1.0 1.0f

0.0 1.0 1.0 1.0f
0.0 1.0 1.0 1.0f
0.0 1.0 1.0 1.0f

1.0 1.0 0.0 1.0f
1.0 1.0 0.0 1.0f
1.0 1.0 0.0 1.0f

1.0 1.0 0.0 1.0f
1.0 1.0 0.0 1.0f
1.0 1.0 0.0 1.0f

1.0 0.0 1.0 1.0f
1.0 0.0 1.0 1.0f
1.0 0.0 1.0 1.0f

1.0 0.0 1.0 1.0f
1.0 0.0 1.0 1.0f
1.0 0.0 1.0 1.0f
