0.8 0.65 0.4 1.0f
0.8 0.65 0.4 1.0f
0.8 0.65 0.4 1.0f

0.8 0.65 0.4 1.0f
0.8 0.65 0.4 1.0f
0.8 0.65 0.4 1.0f

0.95 0.8 0.65 1.0f
0.95 0.8 0.65 1.0f
0.95 0.8 0.65 1.0f

0.95 0.8 0.65 1.0f
0.95 0.8 0.65 1.0f
0.95 0.8 0.65 1.0f

0.9 0.6 0.45 1.0f
0.9 0.6 0.45 1.0f
0.9 0.6 0.45 1.0f

0.9 0.6 0.45 1.0f
0.9 0.6 0.45 1.0f
0.9 0.6 0.45 1.0f

0.0 1.0 1.0 1.0f
0.0 1.0 1.0 1.0f
0.0 1.0 1.0 1.0f

0.0 1.0 1.0 1.0f
0.0 1.0 1.0 1.0f
0.0 1.0 1.0 1.0f

1.0 1.0 0.0 1.0f
1.0 1.0 0.0 1.0f
1.0 1.0 0.0 1.0f

1.0 1.0 0.0 1.0f
1.0 1.0 0.0 1.0f
1.0 1.0 0.0 1.0f

1.0 0.0 1.0 1.0f
1.0 0.0 1.0 1.0f
1.0 0.0 1.0 1.0f

1.0 0.0 1.0 1.0f
1.0 0.0 1.0 1.0f
1.0 0.0 1.0 1.0f
